{
    "trj_id": [
        0,
        5,
        10,
        15,
        20
    ],
    "trj_est": [
        [
            [
                0.8565045907016036,
                0.3657903301947712,
                -0.3641391498357176,
                1.3013000000000001
            ],
            [
                0.515472895780805,
                -0.5703826028174923,
                0.639493064949491,
                0.8587000000000004
            ],
            [
                0.02622174331409512,
                -0.7354326078840551,
                -0.6770903185236271,
                1.5166
            ],
            [
                0.0,
                0.0,
                0.0,
                1.0
            ]
        ],
        [
            [
                0.9009950751140795,
                0.2549055673743633,
                -0.3510529913253932,
                1.4204463232868696
            ],
            [
                0.4333245004339503,
                -0.568066174762598,
                0.6996694969689455,
                0.6888240825968122
            ],
            [
                -0.021071524249800605,
                -0.7825161222058507,
                -0.6222777006598798,
                1.5184449654504675
            ],
            [
                0.0,
                0.0,
                0.0,
                1.0
            ]
        ],
        [
            [
                0.9595415873644043,
                0.04641672459645001,
                -0.27772605824818447,
                1.4611326854147755
            ],
            [
                0.2618325994049856,
                -0.5099164336598578,
                0.819410942051711,
                0.5469963334249293
            ],
            [
                -0.10358231834549884,
                -0.8589745126495072,
                -0.5014365353817638,
                1.543213544932364
            ],
            [
                0.0,
                0.0,
                0.0,
                1.0
            ]
        ],
        [
            [
                0.9590497797544103,
                -0.07232042618474573,
                -0.2738641371115047,
                1.4143351786652725
            ],
            [
                0.22914971905570472,
                -0.3702317972875598,
                0.9002378832405896,
                0.34270970351674845
            ],
            [
                -0.16649803581442074,
                -0.9261239656866994,
                -0.3384959103422264,
                1.403820818527785
            ],
            [
                0.0,
                0.0,
                0.0,
                1.0
            ]
        ],
        [
            [
                0.9043590335847828,
                0.12646102779094232,
                -0.40761726598694986,
                1.3426164279256874
            ],
            [
                0.4206158807676503,
                -0.4258823914379013,
                0.8010726603871682,
                0.31912178261242435
            ],
            [
                -0.0722916716796169,
                -0.8959037233428024,
                -0.4383378877142224,
                1.4832597360148152
            ],
            [
                0.0,
                0.0,
                0.0,
                1.0
            ]
        ]
    ],
    "trj_gt": [
        [
            [
                0.8565045907016036,
                0.3657903301947712,
                -0.3641391498357176,
                1.3013000000000001
            ],
            [
                0.515472895780805,
                -0.5703826028174923,
                0.639493064949491,
                0.8587000000000004
            ],
            [
                0.02622174331409512,
                -0.7354326078840551,
                -0.6770903185236271,
                1.5166
            ],
            [
                0.0,
                0.0,
                0.0,
                1.0
            ]
        ],
        [
            [
                0.9098920679037831,
                0.27326913155487537,
                -0.312122422304168,
                1.3453999999999997
            ],
            [
                0.41484505451402115,
                -0.5995039803744047,
                0.6844695451665505,
                0.8190000000000002
            ],
            [
                -7.423635202572427e-05,
                -0.7522758531645755,
                -0.6588482641962976,
                1.5298000000000003
            ],
            [
                0.0,
                0.0,
                0.0,
                1.0
            ]
        ],
        [
            [
                0.9207415521479786,
                0.21544496678553912,
                -0.325297495279182,
                1.3800000000000001
            ],
            [
                0.3893349758497097,
                -0.5619363228264613,
                0.7298259009300649,
                0.7537999999999997
            ],
            [
                -0.02555916133673773,
                -0.7986307252886361,
                -0.601278383027953,
                1.5526
            ],
            [
                0.0,
                0.0,
                0.0,
                1.0
            ]
        ],
        [
            [
                0.876922398515438,
                0.252780676575246,
                -0.40878972165661426,
                1.3841
            ],
            [
                0.4800666187071437,
                -0.501902193870697,
                0.7194652384868022,
                0.6691000000000001
            ],
            [
                -0.023305548374181664,
                -0.8271614820202534,
                -0.5614808403472343,
                1.5694
            ],
            [
                0.0,
                0.0,
                0.0,
                1.0
            ]
        ],
        [
            [
                0.7900169895253758,
                0.3153475245541407,
                -0.5257652470626392,
                1.3600000000000005
            ],
            [
                0.6106035060091469,
                -0.481789299368708,
                0.6285240086608843,
                0.6014
            ],
            [
                -0.05510457976066922,
                -0.817578748360906,
                -0.5731740359768708,
                1.5803
            ],
            [
                0.0,
                0.0,
                0.0,
                1.0
            ]
        ]
    ]
}