{
    "trj_id": [
        0,
        5,
        10,
        15,
        20
    ],
    "trj_est": [
        [
            [
                0.8565045907016036,
                0.3657903301947712,
                -0.3641391498357176,
                1.3013000000000001
            ],
            [
                0.515472895780805,
                -0.5703826028174923,
                0.639493064949491,
                0.8587000000000004
            ],
            [
                0.02622174331409512,
                -0.7354326078840551,
                -0.6770903185236271,
                1.5166
            ],
            [
                0.0,
                0.0,
                0.0,
                1.0
            ]
        ],
        [
            [
                0.9362335872667482,
                0.1720099738502077,
                -0.30640294364389326,
                1.3603701408856055
            ],
            [
                0.35134517306869545,
                -0.4707357370138789,
                0.8093008505753134,
                0.5567643061755332
            ],
            [
                -0.005027446529195443,
                -0.8653466292913291,
                -0.5011528809192929,
                1.530322582650161
            ],
            [
                0.0,
                0.0,
                0.0,
                1.0
            ]
        ],
        [
            [
                0.8951273802373549,
                0.21349151428782662,
                -0.3913750694365212,
                1.4657902585507092
            ],
            [
                0.4421298485032206,
                -0.31247093939799936,
                0.8407682286783026,
                0.39249246563321205
            ],
            [
                0.05720250247561367,
                -0.9256314214717877,
                -0.37409019591187387,
                1.4354650446811106
            ],
            [
                0.0,
                0.0,
                0.0,
                1.0
            ]
        ],
        [
            [
                0.8938857004236228,
                0.01985987836626481,
                -0.44786549952323707,
                1.4568063070770496
            ],
            [
                0.4251254308149436,
                -0.3546145195874653,
                0.8327816589177701,
                0.3005111512315002
            ],
            [
                -0.1422810586588276,
                -0.9348093492071217,
                -0.32542471026268854,
                1.548135545753332
            ],
            [
                0.0,
                0.0,
                0.0,
                1.0
            ]
        ],
        [
            [
                0.8775965865384301,
                0.08664926985827544,
                -0.471516537100417,
                1.405659435129148
            ],
            [
                0.4702600802234075,
                -0.3468237437214024,
                0.8115292078184141,
                0.2522497115637182
            ],
            [
                -0.09321465350859715,
                -0.93392819211529,
                -0.3451152300344539,
                1.4651308714048275
            ],
            [
                0.0,
                0.0,
                0.0,
                1.0
            ]
        ]
    ],
    "trj_gt": [
        [
            [
                0.8565045907016036,
                0.3657903301947712,
                -0.3641391498357176,
                1.3013000000000001
            ],
            [
                0.515472895780805,
                -0.5703826028174923,
                0.639493064949491,
                0.8587000000000004
            ],
            [
                0.02622174331409512,
                -0.7354326078840551,
                -0.6770903185236271,
                1.5166
            ],
            [
                0.0,
                0.0,
                0.0,
                1.0
            ]
        ],
        [
            [
                0.9098920679037831,
                0.27326913155487537,
                -0.312122422304168,
                1.3453999999999997
            ],
            [
                0.41484505451402115,
                -0.5995039803744047,
                0.6844695451665505,
                0.8190000000000002
            ],
            [
                -7.423635202572427e-05,
                -0.7522758531645755,
                -0.6588482641962976,
                1.5298000000000003
            ],
            [
                0.0,
                0.0,
                0.0,
                1.0
            ]
        ],
        [
            [
                0.9207415521479786,
                0.21544496678553912,
                -0.325297495279182,
                1.3800000000000001
            ],
            [
                0.3893349758497097,
                -0.5619363228264613,
                0.7298259009300649,
                0.7537999999999997
            ],
            [
                -0.02555916133673773,
                -0.7986307252886361,
                -0.601278383027953,
                1.5526
            ],
            [
                0.0,
                0.0,
                0.0,
                1.0
            ]
        ],
        [
            [
                0.876922398515438,
                0.252780676575246,
                -0.40878972165661426,
                1.3841
            ],
            [
                0.4800666187071437,
                -0.501902193870697,
                0.7194652384868022,
                0.6691000000000001
            ],
            [
                -0.023305548374181664,
                -0.8271614820202534,
                -0.5614808403472343,
                1.5694
            ],
            [
                0.0,
                0.0,
                0.0,
                1.0
            ]
        ],
        [
            [
                0.7900169895253758,
                0.3153475245541407,
                -0.5257652470626392,
                1.3600000000000005
            ],
            [
                0.6106035060091469,
                -0.481789299368708,
                0.6285240086608843,
                0.6014
            ],
            [
                -0.05510457976066922,
                -0.817578748360906,
                -0.5731740359768708,
                1.5803
            ],
            [
                0.0,
                0.0,
                0.0,
                1.0
            ]
        ]
    ]
}