{
    "trj_id": [
        0,
        5,
        10,
        15,
        20
    ],
    "trj_est": [
        [
            [
                0.8565045907016036,
                0.3657903301947712,
                -0.3641391498357176,
                1.3013000000000001
            ],
            [
                0.515472895780805,
                -0.5703826028174923,
                0.639493064949491,
                0.8587000000000004
            ],
            [
                0.02622174331409512,
                -0.7354326078840551,
                -0.6770903185236271,
                1.5166
            ],
            [
                0.0,
                0.0,
                0.0,
                1.0
            ]
        ],
        [
            [
                0.9120367541223401,
                0.3053534964522779,
                -0.2737761543355115,
                1.3467755623804505
            ],
            [
                0.4097210648727164,
                -0.6490900266080664,
                0.6409486138059469,
                0.8746900685437682
            ],
            [
                0.018011198141047458,
                -0.6967372373344001,
                -0.7171030375469243,
                1.70202063760113
            ],
            [
                0.0,
                0.0,
                0.0,
                1.0
            ]
        ],
        [
            [
                0.9414539541179043,
                0.1778923106932723,
                -0.28639954486304775,
                1.3989318638805768
            ],
            [
                0.33516209713293854,
                -0.5859393025822284,
                0.7378000331858229,
                0.654041828265204
            ],
            [
                -0.03656279154130319,
                -0.7905914873514195,
                -0.6112585863843996,
                1.672085245925409
            ],
            [
                0.0,
                0.0,
                0.0,
                1.0
            ]
        ],
        [
            [
                0.9630830319579092,
                0.11498537060470217,
                -0.24342815496189826,
                1.29644354254047
            ],
            [
                0.2676870366652631,
                -0.50531802179041,
                0.8203700844465032,
                0.4124686143614294
            ],
            [
                -0.028676450193616105,
                -0.8552424092634324,
                -0.5174443518862567,
                1.6576562796492413
            ],
            [
                0.0,
                0.0,
                0.0,
                1.0
            ]
        ],
        [
            [
                0.9322822631821932,
                0.0935985169697997,
                -0.3494302776518586,
                1.2415070197599467
            ],
            [
                0.3550826410223137,
                -0.4213601677636918,
                0.8344984511308142,
                0.23362810802462322
            ],
            [
                -0.06912695964520997,
                -0.9020575045765497,
                -0.426063001631633,
                1.467908549726754
            ],
            [
                0.0,
                0.0,
                0.0,
                1.0
            ]
        ]
    ],
    "trj_gt": [
        [
            [
                0.8565045907016036,
                0.3657903301947712,
                -0.3641391498357176,
                1.3013000000000001
            ],
            [
                0.515472895780805,
                -0.5703826028174923,
                0.639493064949491,
                0.8587000000000004
            ],
            [
                0.02622174331409512,
                -0.7354326078840551,
                -0.6770903185236271,
                1.5166
            ],
            [
                0.0,
                0.0,
                0.0,
                1.0
            ]
        ],
        [
            [
                0.9098920679037831,
                0.27326913155487537,
                -0.312122422304168,
                1.3453999999999997
            ],
            [
                0.41484505451402115,
                -0.5995039803744047,
                0.6844695451665505,
                0.8190000000000002
            ],
            [
                -7.423635202572427e-05,
                -0.7522758531645755,
                -0.6588482641962976,
                1.5298000000000003
            ],
            [
                0.0,
                0.0,
                0.0,
                1.0
            ]
        ],
        [
            [
                0.9207415521479786,
                0.21544496678553912,
                -0.325297495279182,
                1.3800000000000001
            ],
            [
                0.3893349758497097,
                -0.5619363228264613,
                0.7298259009300649,
                0.7537999999999997
            ],
            [
                -0.02555916133673773,
                -0.7986307252886361,
                -0.601278383027953,
                1.5526
            ],
            [
                0.0,
                0.0,
                0.0,
                1.0
            ]
        ],
        [
            [
                0.876922398515438,
                0.252780676575246,
                -0.40878972165661426,
                1.3841
            ],
            [
                0.4800666187071437,
                -0.501902193870697,
                0.7194652384868022,
                0.6691000000000001
            ],
            [
                -0.023305548374181664,
                -0.8271614820202534,
                -0.5614808403472343,
                1.5694
            ],
            [
                0.0,
                0.0,
                0.0,
                1.0
            ]
        ],
        [
            [
                0.7900169895253758,
                0.3153475245541407,
                -0.5257652470626392,
                1.3600000000000005
            ],
            [
                0.6106035060091469,
                -0.481789299368708,
                0.6285240086608843,
                0.6014
            ],
            [
                -0.05510457976066922,
                -0.817578748360906,
                -0.5731740359768708,
                1.5803
            ],
            [
                0.0,
                0.0,
                0.0,
                1.0
            ]
        ]
    ]
}