{
    "trj_id": [
        0,
        5,
        10,
        16,
        21
    ],
    "trj_est": [
        [
            [
                0.8565045907016036,
                0.3657903301947712,
                -0.3641391498357176,
                1.3013000000000001
            ],
            [
                0.515472895780805,
                -0.5703826028174923,
                0.639493064949491,
                0.8587000000000004
            ],
            [
                0.02622174331409512,
                -0.7354326078840551,
                -0.6770903185236271,
                1.5166
            ],
            [
                0.0,
                0.0,
                0.0,
                1.0
            ]
        ],
        [
            [
                0.9465437196087384,
                0.2745945599396734,
                -0.1692855730828052,
                1.2573817865011583
            ],
            [
                0.3012623607107838,
                -0.5648560750199488,
                0.7682312675459095,
                0.5785619114258617
            ],
            [
                0.11533066460146034,
                -0.7781599787700407,
                -0.6173850136472544,
                1.5449310181412226
            ],
            [
                0.0,
                0.0,
                0.0,
                1.0
            ]
        ],
        [
            [
                0.930100737048736,
                0.25942950697857536,
                -0.26003119572585853,
                1.2958221895807875
            ],
            [
                0.35440720589089525,
                -0.44781487882939425,
                0.8208892376093234,
                0.46944166400649046
            ],
            [
                0.09651696030208597,
                -0.8556610376110999,
                -0.5084569609901411,
                1.5028652768095445
            ],
            [
                0.0,
                0.0,
                0.0,
                1.0
            ]
        ],
        [
            [
                0.918100932970154,
                0.24893464385982061,
                -0.30843798042240306,
                1.242844291955764
            ],
            [
                0.38769369657386743,
                -0.40215772211158946,
                0.8294377084886702,
                0.44668425336845546
            ],
            [
                0.08243569433164029,
                -0.881081274784385,
                -0.46573181410335174,
                1.5573651983480803
            ],
            [
                0.0,
                0.0,
                0.0,
                1.0
            ]
        ],
        [
            [
                0.8764907925781672,
                0.30215284367859646,
                -0.3748091794313132,
                1.1611466917708129
            ],
            [
                0.4728070110131659,
                -0.3935375551320113,
                0.7884068000977243,
                0.26058129740423447
            ],
            [
                0.0907179307397485,
                -0.8682375355886816,
                -0.4877937221962531,
                1.5015537402094352
            ],
            [
                0.0,
                0.0,
                0.0,
                1.0
            ]
        ]
    ],
    "trj_gt": [
        [
            [
                0.8565045907016036,
                0.3657903301947712,
                -0.3641391498357176,
                1.3013000000000001
            ],
            [
                0.515472895780805,
                -0.5703826028174923,
                0.639493064949491,
                0.8587000000000004
            ],
            [
                0.02622174331409512,
                -0.7354326078840551,
                -0.6770903185236271,
                1.5166
            ],
            [
                0.0,
                0.0,
                0.0,
                1.0
            ]
        ],
        [
            [
                0.9098920679037831,
                0.27326913155487537,
                -0.312122422304168,
                1.3453999999999997
            ],
            [
                0.41484505451402115,
                -0.5995039803744047,
                0.6844695451665505,
                0.8190000000000002
            ],
            [
                -7.423635202572427e-05,
                -0.7522758531645755,
                -0.6588482641962976,
                1.5298000000000003
            ],
            [
                0.0,
                0.0,
                0.0,
                1.0
            ]
        ],
        [
            [
                0.9207415521479786,
                0.21544496678553912,
                -0.325297495279182,
                1.3800000000000001
            ],
            [
                0.3893349758497097,
                -0.5619363228264613,
                0.7298259009300649,
                0.7537999999999997
            ],
            [
                -0.02555916133673773,
                -0.7986307252886361,
                -0.601278383027953,
                1.5526
            ],
            [
                0.0,
                0.0,
                0.0,
                1.0
            ]
        ],
        [
            [
                0.863081538673971,
                0.26291758116233316,
                -0.43123613382451925,
                1.3814
            ],
            [
                0.5042845409179176,
                -0.4960297389775983,
                0.7068603821413543,
                0.6549000000000001
            ],
            [
                -0.028059925006597312,
                -0.827543862019147,
                -0.56069938206053,
                1.5717
            ],
            [
                0.0,
                0.0,
                0.0,
                1.0
            ]
        ],
        [
            [
                0.7677712849164168,
                0.32819747931896553,
                -0.5502850794147262,
                1.3514999999999997
            ],
            [
                0.638301815511615,
                -0.4663967948275557,
                0.6124090316848364,
                0.5868000000000005
            ],
            [
                -0.0556600967693233,
                -0.8214380343904588,
                -0.5675751133412823,
                1.5823000000000003
            ],
            [
                0.0,
                0.0,
                0.0,
                1.0
            ]
        ]
    ]
}